image: map702.pgm
resolution: 0.050000
#origin: [-4.174702, -4.298758, 0.000000]
origin: [0.0, 0.0, 0.000000]
negate: 0
occupied_thresh: 0.65
free_thresh: 0.196

