%YAML:1.0
# Input-output configuration
input: [848, 800]
output: [800, 800]

# Camera calibration parameter
K1: !!opencv-matrix
   rows: 3
   cols: 3
   dt: d
   data: [285.3345031738281, 0.0, 425.6997985839844,
          0.0, 286.4267883300781, 388.2677917480469,
          0.0, 0.0, 1.0]

D1: !!opencv-matrix
   rows: 1
   cols: 4
   dt: d
   data: [-0.0023274130653589964, 0.03569824993610382, -0.034068550914525986, 0.005381369031965733]

K2: !!opencv-matrix
   rows: 3
   cols: 3
   dt: d
   data: [285.2033996582031, 0.0, 422.7367858886719,
          0.0, 286.2254943847656, 392.7455139160156,
          0.0, 0.0, 1.0]

D2: !!opencv-matrix
   rows: 1
   cols: 4
   dt: d
   data: [-0.0018018099945038557, 0.03328210860490799, -0.03130270913243294, 0.004429555963724852]
R: !!opencv-matrix
   rows: 3
   cols: 3
   dt: d
   data: [0.999985, -0.00207042, 0.00514935,
          0.00207599, 0.999997, -0.00107531,
          -0.00514711, 0.00108598, 0.999986]  
T: [0.0642461255192757, -7.6676340540871e-05, -0.000302943022688851]
